0.0    0.0
0.0008928571428570287 0.022231904125291635
0.07410714285714293     1.77840312261268
0.09017857142857166     2.579646915584412
0.13035714285714284     3.179013082505726
0.14642857142857157     3.8465670359052666
0.1919642857142858     4.913549226508785
0.20267857142857149     5.648246514514895
0.24821428571428594     7.851592341482046
0.2723214285714288     9.387682629870127
0.30446428571428585     10.52225577731092
0.3366071428571429     11.924208603896101
0.3767857142857145     13.726783326967148
0.39821428571428585     14.126659186401831
0.4276785714285716     15.528761220397246
0.4705357142857145     17.398031655844154
0.4973214285714287     18.131833699388842
0.5455357142857145     19.93396080022918
0.5776785714285715     20.466929669595103
0.6125     20.531834893048124
0.6607142857142858     22.13342723453017
0.6928571428571431     22.733241023682197
0.735714285714286     23.39930290297937