0.001333392727218552     0.05479085928103444
0.020054345405140284     0.4514677713929345
0.03876341930598248     0.9145173504387714
0.05744873565266451     1.510312263352489
0.07078860231339168     1.9738072965388227
0.07881865561940393     2.1058844491959547
0.0894739186600737     2.5696022094525404
0.10287317920620076     2.7012339079691756
0.11890952826406509     3.0981335471513205
0.13230878881019192     3.229765245667963
0.15097034760271444     3.958305492449554
0.164393365703001     3.9571918570983087
0.19109685657861508     4.751436589603109
0.2017758771734448     5.082409015991807
0.2256165827728034     6.872466479575927
0.24691523007706362     7.866274667023031
0.25494528338307565     7.998351819680167
0.2734999331818788     9.324246068867211
0.2895125246855834     9.853891041917237
0.3028167550150711     10.516504075905388
0.3081978410322659     10.449685954830954
0.32677624838522856     11.642834870150121
0.3747308714567834     13.69637845783777
0.3829628639731537     12.700120272617937
0.39878539504358024     14.291727916610991
0.42008404234784025     15.285536104058092
0.45206171024693     16.610316717893898
0.46805054419647485     17.2727070248118
0.4947659138491691     18.00057909038265
0.4975811840171054     17.270257027039072
0.548137259269158     19.788186556194045
0.55621482768349     19.654773041115423
0.5534945877321928     19.85411376898749
0.5722274191871946     20.18441801416545
0.5721917828559548     20.383536014967262
0.5805306843660443     18.78992382734198
0.6204314965774274     20.84413559624037
0.655141283204894     21.903202815270173
0.6606530357699671     21.10628535792241
0.68991046371776     22.630406699630278
0.7327453338678782     23.2905697358457
0.746631624274281     20.700922090070833
0.7786449285046102     21.826584703104825
0.8139961690943915     19.301527907701907
0.8195435579907047     18.305492449552325