0	0
-0.0008928571428570287  -0.022231904125291635
-0.006249999999999867     1.849724264705884
-0.008928571428571397     2.7857023491214647
-0.014285714285714235     3.120225362872425
-0.016964285714285543     3.7888237681436223
-0.022321428571428603     4.925485819327733
-0.022321428571428603     5.794469776546979
-0.022321428571428603     7.799817370129865
-0.02767857142857144     9.270704020244462
-0.03571428571428559     10.474360198624904
-0.041071428571428426     11.67786716959511
-0.05714285714285716     13.750954927425514
-0.0625     14.286012700534759
-0.06517857142857131     15.355680624522535
-0.0758928571428572     17.161090288388078
-0.08660714285714288     18.09751599503437
-0.10535714285714282     19.97021820091673
-0.12142857142857144     20.43902788388082
-0.13482142857142865     20.974533279220775
-0.14821428571428574     22.0447980328495
-0.16428571428571426     22.78098739495798
-0.18571428571428572     23.51747517188693