-0.0017818170946815037     0.15516158928517143
-0.0043379473227898036     1.1545935603455888
-0.0069120153068849     2.020688211904684
-0.012015306885108545     4.086220813776187
-0.017271069389219074     5.018386199886386
-0.022266734431522384     7.883942718765876
-0.032733415049777115     10.081616789739595
-0.03789051989596093     11.747137433107113
-0.053756465066219894     13.810278334180389
-0.06425902119644811     15.741277766151448
-0.07745224072468515     17.671679272922955
-0.08815211217076724     18.13596819037938
-0.08826870758468097     17.26927561362073
-0.09882507698286946     18.8002630870878
-0.10673562737301556     19.9985051870011
-0.11742652994110425     20.529462764208194
-0.12296032766300935     19.39489969804777
-0.1257675864749318     18.527609196089564
-0.13881730395527514     21.52470925887171
-0.14950820652336372     22.055666836078803
-0.1522885587013063     21.388382313372592
-0.16552662261951023     22.985440521390768
-0.18428054650363235     23.58127298274985
-0.20049627791563263     23.044336153547185
-0.20596729349158416     22.376453705641417
-0.22767197823552265     21.038297109031653
-0.23314299381147408     20.37041466112589
-0.24371730096564914     21.768064815091627
-0.2517444467697091     22.09961433824628
-0.3193608179616729     19.484588477981397
-0.33563933151962677     18.480971030524074
