-0.0013422818791946067     -0.08973513902205354
0.00939597315436247     0.17632430488973938
0.02281879194630876     0.44193432406520117
0.03624161073825505     0.8414729146692252
0.05234899328859077     1.4414549376797723
0.06308724832214785     1.975371524448704
0.0738255033557047     2.442323825503358
0.08724832214765099     2.640969558964521
0.09798657718120807     2.9739932885906057
0.11409395973154379     3.105225311601153
0.12483221476510087     3.8400347555129457
0.14093959731543615     3.8373382070949162
0.15436241610738244     4.303841083413232
0.16510067114093974     4.837757670182164
0.16778523489932895     5.439986816874402
0.20268456375838917     7.777894295302012
0.21073825503355725     7.977438878235862
0.23758389261744983     10.450623202301053
0.24563758389261747     11.252846356663476
0.2671140939597316     13.593000958772773
0.26979865771812084     12.855944391179293
0.2778523489932887     13.45727468839885
0.2832214765100671     14.059054410354747
0.3127516778523489     17.134467881112176
0.320805369127517     17.936691035474595
0.33154362416107386     19.073286193672104
0.3369127516778523     19.94292305848514
0.34228187919463093     19.942024209012466
0.34765100671140936     20.74469678811122
0.36107382550335565     21.746913950143817
0.3691275167785235     22.950922818791952
0.3637583892617451     23.353607382550337
0.34496644295302015     23.021931927133274
0.32885906040268464     22.221057046979865
0.3073825503355705     21.42108101629914
0.28859060402684555     20.754584132310644
0.28590604026845656     20.286283557046982
0.2724832214765103     20.690316395014385
0.2832214765100671     21.023340124640463
0.2832214765100671     21.69298298178332
0.2724832214765103     21.82870925215724
0.20000000000000018     20.233700862895496
0.15167785234899345     18.299826222435286
